gallus_gallus:10:3788802	gallus_gallus:10:3808802	1694374--1819702=breakpoints+0.013187305828952	10	g3:0.013187305828952	71.4836238575194	0.0909090909090909	11	1	4
gallus_gallus:10:1820954	gallus_gallus:10:1840954	1694374--1819702=breakpoints+0.013187305828952	10	g3:0.013187305828952	71.4836238575194	0.0909090909090909	11	1	4
