gallus_gallus:9:4316738	gallus_gallus:9:4317738	4422653--4439759=breakpoints+0.0202680435701069	9	g4:0.0202680435701069	4.78101827079219	0.181818181818182	11	2	3
gallus_gallus:9:4328239	gallus_gallus:9:4329239	4422653--4439759=breakpoints+0.0202680435701069	9	g4:0.0202680435701069	4.78101827079219	0.181818181818182	11	2	3
