gallus_gallus:4:46006767	gallus_gallus:4:46026767	13772733--14401065=breakpoints+0.953000724157342	4	g5:0.953000724157342	36.8333333333334	0.272727272727273	11	3	5
gallus_gallus:4:46699089	gallus_gallus:4:46719089	13772733--14401065=breakpoints+0.953000724157342	4	g5:0.953000724157342	36.8333333333334	0.272727272727273	11	3	5
