gallus_gallus:12:2918020	gallus_gallus:12:2938020	6982978--6986685=breakpoints+0.959354062318391	12	g7:0.959354062318391	151	0.0909090909090909	11	1	4
gallus_gallus:12:6901958	gallus_gallus:12:6921958	6982978--6986685=breakpoints+0.959354062318391	12	g7:0.959354062318391	151	0.0909090909090909	11	1	4
gallus_gallus:13:1183579	gallus_gallus:13:1203579	16508667--16608171=breakpoints+0.959354062318391	13	g7:0.959354062318391	151	0.363636363636364	11	4	4
gallus_gallus:13:214520	gallus_gallus:13:234520	16508667--16608171=breakpoints+0.959354062318391	13	g7:0.959354062318391	151	0.363636363636364	11	4	4
