gallus_gallus:12:2911104	gallus_gallus:12:2912104	6982978--6986685=breakpoints+0.959354062318391	12	g7:0.959354062318391	151	0.0909090909090909	11	1	4
gallus_gallus:12:6920958	gallus_gallus:12:6921958	6982978--6986685=breakpoints+0.959354062318391	12	g7:0.959354062318391	151	0.0909090909090909	11	1	4
