taeniopygia_guttata:1:64612948	taeniopygia_guttata:1:64632948	168676909--169616821=breakpoints+0.013628894629601	1	egret_penguin:0.013628894629601	14.7358383702164	0.0909090909090909	11	1	3
taeniopygia_guttata:1:65532860	taeniopygia_guttata:1:65552860	168676909--169616821=breakpoints+0.013628894629601	1	egret_penguin:0.013628894629601	14.7358383702164	0.0909090909090909	11	1	3
taeniopygia_guttata:1:94825917	taeniopygia_guttata:1:94845917	82025958--82578420=breakpoints+0.935379241516966	1	egret_penguin:0.935379241516966	30.8645887188239	0.0909090909090909	11	1	2
taeniopygia_guttata:1:95358379	taeniopygia_guttata:1:95378379	82025958--82578420=breakpoints+0.935379241516966	1	egret_penguin:0.935379241516966	30.8645887188239	0.0909090909090909	11	1	2
