taeniopygia_guttata:1:64046639	taeniopygia_guttata:1:64047639	168676909--169616821=breakpoints+0.013628894629601	1	egret_penguin:0.013628894629601	14.7358383702164	0.0909090909090909	11	1	3
taeniopygia_guttata:1:64957874	taeniopygia_guttata:1:64958874	168676909--169616821=breakpoints+0.013628894629601	1	egret_penguin:0.013628894629601	14.7358383702164	0.0909090909090909	11	1	3
taeniopygia_guttata:1:95155167	taeniopygia_guttata:1:95156167	82025958--82578420=breakpoints+0.935379241516966	1	egret_penguin:0.935379241516966	30.8645887188239	0.0909090909090909	11	1	2
taeniopygia_guttata:1:95751299	taeniopygia_guttata:1:95752299	82025958--82578420=breakpoints+0.935379241516966	1	egret_penguin:0.935379241516966	30.8645887188239	0.0909090909090909	11	1	2
