taeniopygia_guttata:4:13772874	taeniopygia_guttata:4:13773874	45834437--45848958=breakpoints+0.833241532351315	4	g2:0.833241532351315	57	0.181818181818182	11	2	8
taeniopygia_guttata:4:7583284	taeniopygia_guttata:4:7584284	45834437--45848958=breakpoints+0.833241532351315	4	g2:0.833241532351315	57	0.181818181818182	11	2	8
taeniopygia_guttata:9:4397689	taeniopygia_guttata:9:4398689	4295656--4392746=breakpoints+0.0159682552602504	9	g2:0.0159682552602504	6.77222991807527	0.0909090909090909	11	1	8
taeniopygia_guttata:9:4529190	taeniopygia_guttata:9:4530190	4295656--4392746=breakpoints+0.0159682552602504	9	g2:0.0159682552602504	6.77222991807527	0.0909090909090909	11	1	8
taeniopygia_guttata:z:31894352	taeniopygia_guttata:z:31895352	70825410--78395215=breakpoints+0.807863617660412	z	g2:0.807863617660412	13.6150921514481	0.0909090909090909	11	1	9
taeniopygia_guttata:z:31988098	taeniopygia_guttata:z:31989098	70825410--78395215=breakpoints+0.807863617660412	z	g2:0.807863617660412	13.6150921514481	0.0909090909090909	11	1	9
