taeniopygia_guttata:4:13600408	taeniopygia_guttata:4:13620408	45834437--45848958=breakpoints+0.833241532351315	4	g2:0.833241532351315	57	0.181818181818182	11	2	8
taeniopygia_guttata:4:7563653	taeniopygia_guttata:4:7583653	45834437--45848958=breakpoints+0.833241532351315	4	g2:0.833241532351315	57	0.181818181818182	11	2	8
taeniopygia_guttata:9:4366441	taeniopygia_guttata:9:4386441	4295656--4392746=breakpoints+0.0159682552602504	9	g2:0.0159682552602504	6.77222991807527	0.0909090909090909	11	1	8
taeniopygia_guttata:9:4486896	taeniopygia_guttata:9:4506896	4295656--4392746=breakpoints+0.0159682552602504	9	g2:0.0159682552602504	6.77222991807527	0.0909090909090909	11	1	8
taeniopygia_guttata:z:30521172	taeniopygia_guttata:z:30541172	70825410--78395215=breakpoints+0.807863617660412	z	g2:0.807863617660412	13.6150921514481	0.0909090909090909	11	1	9
taeniopygia_guttata:z:31960199	taeniopygia_guttata:z:31980199	70825410--78395215=breakpoints+0.807863617660412	z	g2:0.807863617660412	13.6150921514481	0.0909090909090909	11	1	9
