taeniopygia_guttata:4:7170695	taeniopygia_guttata:4:7171695	56806879--56815004=breakpoints+0.838719110282581	4	g7:0.838719110282581	37.8333333333334	0.0909090909090909	11	1	7
taeniopygia_guttata:4:23964881	taeniopygia_guttata:4:23965881	56806879--56815004=breakpoints+0.838719110282581	4	g7:0.838719110282581	37.8333333333334	0.0909090909090909	11	1	7
