taeniopygia_guttata:4:8161654	taeniopygia_guttata:4:8181654	56806879--56815004=breakpoints+0.838719110282581	4	g7:0.838719110282581	37.8333333333334	0.0909090909090909	11	1	7
taeniopygia_guttata:4:23945815	taeniopygia_guttata:4:23965815	56806879--56815004=breakpoints+0.838719110282581	4	g7:0.838719110282581	37.8333333333334	0.0909090909090909	11	1	7
